areaType,areaName,areaCode,date,newCasesBySpecimenDate,cumCasesBySpecimenDate
overview,United Kingdom,K02000001,2020-08-27,1202,333512
overview,United Kingdom,K02000001,2020-08-26,1220,332310
overview,United Kingdom,K02000001,2020-08-25,1218,331090
overview,United Kingdom,K02000001,2020-08-24,1222,329872
overview,United Kingdom,K02000001,2020-08-23,807,328650
overview,United Kingdom,K02000001,2020-08-22,834,327843
overview,United Kingdom,K02000001,2020-08-21,1196,327009
overview,United Kingdom,K02000001,2020-08-20,1469,325813
overview,United Kingdom,K02000001,2020-08-19,1249,324344
overview,United Kingdom,K02000001,2020-08-18,1084,323095
overview,United Kingdom,K02000001,2020-08-17,1284,322011
overview,United Kingdom,K02000001,2020-08-16,599,320727
overview,United Kingdom,K02000001,2020-08-15,702,320128
overview,United Kingdom,K02000001,2020-08-14,1168,319426
overview,United Kingdom,K02000001,2020-08-13,1145,318258
overview,United Kingdom,K02000001,2020-08-12,1198,317113
overview,United Kingdom,K02000001,2020-08-11,1337,315915
overview,United Kingdom,K02000001,2020-08-10,1475,314578
overview,United Kingdom,K02000001,2020-08-09,615,313103
overview,United Kingdom,K02000001,2020-08-08,698,312488
overview,United Kingdom,K02000001,2020-08-07,936,311790
overview,United Kingdom,K02000001,2020-08-06,1082,310854
overview,United Kingdom,K02000001,2020-08-05,1057,309772
overview,United Kingdom,K02000001,2020-08-04,1018,308715
overview,United Kingdom,K02000001,2020-08-03,1038,307697
overview,United Kingdom,K02000001,2020-08-02,550,306659
overview,United Kingdom,K02000001,2020-08-01,542,306109
overview,United Kingdom,K02000001,2020-07-31,673,305567
overview,United Kingdom,K02000001,2020-07-30,922,304894
overview,United Kingdom,K02000001,2020-07-29,1038,303972
overview,United Kingdom,K02000001,2020-07-28,841,302934
overview,United Kingdom,K02000001,2020-07-27,857,302093
overview,United Kingdom,K02000001,2020-07-26,560,301236
overview,United Kingdom,K02000001,2020-07-25,522,300676
overview,United Kingdom,K02000001,2020-07-24,765,300154
overview,United Kingdom,K02000001,2020-07-23,800,299389
overview,United Kingdom,K02000001,2020-07-22,795,298589
overview,United Kingdom,K02000001,2020-07-21,782,297794
overview,United Kingdom,K02000001,2020-07-20,813,297012
overview,United Kingdom,K02000001,2020-07-19,443,296199
overview,United Kingdom,K02000001,2020-07-18,498,295756
overview,United Kingdom,K02000001,2020-07-17,581,295258
overview,United Kingdom,K02000001,2020-07-16,707,294677
overview,United Kingdom,K02000001,2020-07-15,771,293970
overview,United Kingdom,K02000001,2020-07-14,689,293199
overview,United Kingdom,K02000001,2020-07-13,731,292510
overview,United Kingdom,K02000001,2020-07-12,368,291779
overview,United Kingdom,K02000001,2020-07-11,447,291411
overview,United Kingdom,K02000001,2020-07-10,565,290964
overview,United Kingdom,K02000001,2020-07-09,720,290399
overview,United Kingdom,K02000001,2020-07-08,704,289679
overview,United Kingdom,K02000001,2020-07-07,600,288975
overview,United Kingdom,K02000001,2020-07-06,706,288375
overview,United Kingdom,K02000001,2020-07-05,555,287669
overview,United Kingdom,K02000001,2020-07-04,402,287114
overview,United Kingdom,K02000001,2020-07-03,577,286712
overview,United Kingdom,K02000001,2020-07-02,604,286135
overview,United Kingdom,K02000001,2020-07-01,652,285531
overview,United Kingdom,K02000001,2020-06-30,616,284879
overview,United Kingdom,K02000001,2020-06-29,731,284263
overview,United Kingdom,K02000001,2020-06-28,446,283532
overview,United Kingdom,K02000001,2020-06-27,651,283086
overview,United Kingdom,K02000001,2020-06-26,671,282435
overview,United Kingdom,K02000001,2020-06-25,723,281764
overview,United Kingdom,K02000001,2020-06-24,778,281041
overview,United Kingdom,K02000001,2020-06-23,886,280263
overview,United Kingdom,K02000001,2020-06-22,897,279377
overview,United Kingdom,K02000001,2020-06-21,641,278480
overview,United Kingdom,K02000001,2020-06-20,687,277839
overview,United Kingdom,K02000001,2020-06-19,992,277152
overview,United Kingdom,K02000001,2020-06-18,1026,276160
overview,United Kingdom,K02000001,2020-06-17,1013,275134
overview,United Kingdom,K02000001,2020-06-16,1103,274121
overview,United Kingdom,K02000001,2020-06-15,1044,273018
overview,United Kingdom,K02000001,2020-06-14,821,271974
overview,United Kingdom,K02000001,2020-06-13,890,271153
overview,United Kingdom,K02000001,2020-06-12,1052,270263
overview,United Kingdom,K02000001,2020-06-11,1013,269211
overview,United Kingdom,K02000001,2020-06-10,1194,268198
overview,United Kingdom,K02000001,2020-06-09,1155,267004
overview,United Kingdom,K02000001,2020-06-08,1095,265849
overview,United Kingdom,K02000001,2020-06-07,720,264754
overview,United Kingdom,K02000001,2020-06-06,806,264034
overview,United Kingdom,K02000001,2020-06-05,1123,263228
overview,United Kingdom,K02000001,2020-06-04,1250,262105
overview,United Kingdom,K02000001,2020-06-03,1364,260855
overview,United Kingdom,K02000001,2020-06-02,1494,259491
overview,United Kingdom,K02000001,2020-06-01,1439,257997
overview,United Kingdom,K02000001,2020-05-31,1081,256558
overview,United Kingdom,K02000001,2020-05-30,1122,255477
overview,United Kingdom,K02000001,2020-05-29,1529,254355
overview,United Kingdom,K02000001,2020-05-28,1758,252826
overview,United Kingdom,K02000001,2020-05-27,1829,251068
overview,United Kingdom,K02000001,2020-05-26,1668,249239
overview,United Kingdom,K02000001,2020-05-25,1622,247571
overview,United Kingdom,K02000001,2020-05-24,1365,245949
overview,United Kingdom,K02000001,2020-05-23,1526,244584
overview,United Kingdom,K02000001,2020-05-22,2060,243058
overview,United Kingdom,K02000001,2020-05-21,2573,240998
overview,United Kingdom,K02000001,2020-05-20,2717,238425
overview,United Kingdom,K02000001,2020-05-19,3051,235708
overview,United Kingdom,K02000001,2020-05-18,2583,232657
overview,United Kingdom,K02000001,2020-05-17,1838,230074
overview,United Kingdom,K02000001,2020-05-16,2081,228236
overview,United Kingdom,K02000001,2020-05-15,2527,226155
overview,United Kingdom,K02000001,2020-05-14,2627,223628
overview,United Kingdom,K02000001,2020-05-13,3308,221001
overview,United Kingdom,K02000001,2020-05-12,3401,217693
overview,United Kingdom,K02000001,2020-05-11,3583,214292
overview,United Kingdom,K02000001,2020-05-10,2327,210709
overview,United Kingdom,K02000001,2020-05-09,2159,208382
overview,United Kingdom,K02000001,2020-05-08,3063,206223
overview,United Kingdom,K02000001,2020-05-07,3764,203160
overview,United Kingdom,K02000001,2020-05-06,3826,199396
overview,United Kingdom,K02000001,2020-05-05,3684,195570
overview,United Kingdom,K02000001,2020-05-04,3386,191886
overview,United Kingdom,K02000001,2020-05-03,2982,188500
overview,United Kingdom,K02000001,2020-05-02,3228,185518
overview,United Kingdom,K02000001,2020-05-01,4740,182290
overview,United Kingdom,K02000001,2020-04-30,4962,177550
overview,United Kingdom,K02000001,2020-04-29,5446,172588
overview,United Kingdom,K02000001,2020-04-28,4728,167142
overview,United Kingdom,K02000001,2020-04-27,4705,162414
overview,United Kingdom,K02000001,2020-04-26,3471,157709
overview,United Kingdom,K02000001,2020-04-25,3751,154238
overview,United Kingdom,K02000001,2020-04-24,4969,150487
overview,United Kingdom,K02000001,2020-04-23,5160,145518
overview,United Kingdom,K02000001,2020-04-22,5485,140358
overview,United Kingdom,K02000001,2020-04-21,4760,134873
overview,United Kingdom,K02000001,2020-04-20,4856,130113
overview,United Kingdom,K02000001,2020-04-19,3853,125257
overview,United Kingdom,K02000001,2020-04-18,4722,121404
overview,United Kingdom,K02000001,2020-04-17,4958,116682
overview,United Kingdom,K02000001,2020-04-16,5290,111724
overview,United Kingdom,K02000001,2020-04-15,5065,106434
overview,United Kingdom,K02000001,2020-04-14,4322,101369
overview,United Kingdom,K02000001,2020-04-13,4179,97047
overview,United Kingdom,K02000001,2020-04-12,3488,92868
overview,United Kingdom,K02000001,2020-04-11,3579,89380
overview,United Kingdom,K02000001,2020-04-10,4312,85801
overview,United Kingdom,K02000001,2020-04-09,4861,81489
overview,United Kingdom,K02000001,2020-04-08,5129,76628
overview,United Kingdom,K02000001,2020-04-07,5444,71499
overview,United Kingdom,K02000001,2020-04-06,5274,66055
overview,United Kingdom,K02000001,2020-04-05,3592,60781
overview,United Kingdom,K02000001,2020-04-04,4020,57189
overview,United Kingdom,K02000001,2020-04-03,4916,53169
overview,United Kingdom,K02000001,2020-04-02,4869,48253
overview,United Kingdom,K02000001,2020-04-01,4913,43384
overview,United Kingdom,K02000001,2020-03-31,4522,38471
overview,United Kingdom,K02000001,2020-03-30,4270,33949
overview,United Kingdom,K02000001,2020-03-29,2859,29679
overview,United Kingdom,K02000001,2020-03-28,2823,26820
overview,United Kingdom,K02000001,2020-03-27,3195,23997
overview,United Kingdom,K02000001,2020-03-26,3088,20802
overview,United Kingdom,K02000001,2020-03-25,2693,17714
overview,United Kingdom,K02000001,2020-03-24,2377,15021
overview,United Kingdom,K02000001,2020-03-23,2336,12644
overview,United Kingdom,K02000001,2020-03-22,1377,10308
overview,United Kingdom,K02000001,2020-03-21,1197,8931
overview,United Kingdom,K02000001,2020-03-20,1254,7734
overview,United Kingdom,K02000001,2020-03-19,1054,6480
overview,United Kingdom,K02000001,2020-03-18,999,5426
overview,United Kingdom,K02000001,2020-03-17,769,4427
overview,United Kingdom,K02000001,2020-03-16,611,3658
overview,United Kingdom,K02000001,2020-03-15,442,3047
overview,United Kingdom,K02000001,2020-03-14,361,2605
overview,United Kingdom,K02000001,2020-03-13,478,2244
overview,United Kingdom,K02000001,2020-03-12,484,1766
overview,United Kingdom,K02000001,2020-03-11,406,1282
overview,United Kingdom,K02000001,2020-03-10,259,876
overview,United Kingdom,K02000001,2020-03-09,148,617
overview,United Kingdom,K02000001,2020-03-08,57,469
overview,United Kingdom,K02000001,2020-03-07,60,412
overview,United Kingdom,K02000001,2020-03-06,81,352
overview,United Kingdom,K02000001,2020-03-05,51,271
overview,United Kingdom,K02000001,2020-03-04,56,220
overview,United Kingdom,K02000001,2020-03-03,55,164
overview,United Kingdom,K02000001,2020-03-02,40,109
overview,United Kingdom,K02000001,2020-03-01,22,69
overview,United Kingdom,K02000001,2020-02-29,5,47
overview,United Kingdom,K02000001,2020-02-28,12,42
overview,United Kingdom,K02000001,2020-02-27,8,30
overview,United Kingdom,K02000001,2020-02-26,4,22
overview,United Kingdom,K02000001,2020-02-25,5,18
overview,United Kingdom,K02000001,2020-02-24,2,13
overview,United Kingdom,K02000001,2020-02-23,1,11
overview,United Kingdom,K02000001,2020-02-22,0,10
overview,United Kingdom,K02000001,2020-02-21,1,10
overview,United Kingdom,K02000001,2020-02-20,0,9
overview,United Kingdom,K02000001,2020-02-19,0,9
overview,United Kingdom,K02000001,2020-02-18,0,9
overview,United Kingdom,K02000001,2020-02-17,0,9
overview,United Kingdom,K02000001,2020-02-16,0,9
overview,United Kingdom,K02000001,2020-02-15,0,9
overview,United Kingdom,K02000001,2020-02-14,0,9
overview,United Kingdom,K02000001,2020-02-13,0,9
overview,United Kingdom,K02000001,2020-02-12,0,9
overview,United Kingdom,K02000001,2020-02-11,1,9
overview,United Kingdom,K02000001,2020-02-10,0,8
overview,United Kingdom,K02000001,2020-02-09,1,8
overview,United Kingdom,K02000001,2020-02-08,4,7
overview,United Kingdom,K02000001,2020-02-07,0,3
overview,United Kingdom,K02000001,2020-02-06,0,3
overview,United Kingdom,K02000001,2020-02-05,1,3
overview,United Kingdom,K02000001,2020-02-04,0,2
overview,United Kingdom,K02000001,2020-02-03,0,2
overview,United Kingdom,K02000001,2020-02-02,0,2
overview,United Kingdom,K02000001,2020-02-01,0,2
overview,United Kingdom,K02000001,2020-01-31,0,2
overview,United Kingdom,K02000001,2020-01-30,2,2
